param_balloons00
2241.25607 0.0 701.5
0.0 2241.25607 514.5
0.0 0.0 1.0 
0.0 
0.0 
1.0 0.0 0.0 0.0
0.0 1.0 0.0 0.0 
0.0 0.0 1.0 0.0 

param_balloons01
2241.25607 0.0 701.5
0.0 2241.25607 514.5
0.0 0.0 1.0 
0.0 
0.0 
1.0 0.0 0.0 5.0
0.0 1.0 0.0 0.0 
0.0 0.0 1.0 0.0

param_balloons02
2241.25607 0.0 701.5
0.0 2241.25607 514.5
0.0 0.0 1.0 
0.0 
0.0 
1.0 0.0 0.0 10.0
0.0 1.0 0.0 0.0 
0.0 0.0 1.0 0.0 

param_balloons03
2241.25607 0.0 701.5
0.0 2241.25607 514.5
0.0 0.0 1.0 
0.0 
0.0 
1.0 0.0 0.0 15.0
0.0 1.0 0.0 0.0 
0.0 0.0 1.0 0.0

param_balloons04
2241.25607 0.0 701.5
0.0 2241.25607 514.5
0.0 0.0 1.0 
0.0 
0.0 
1.0 0.0 0.0 20.0
0.0 1.0 0.0 0.0 
0.0 0.0 1.0 0.0 

param_balloons05
2241.25607 0.0 701.5
0.0 2241.25607 514.5
0.0 0.0 1.0 
0.0 
0.0 
1.0 0.0 0.0 25.0
0.0 1.0 0.0 0.0 
0.0 0.0 1.0 0.0

param_balloons06
2241.25607 0.0 701.5
0.0 2241.25607 514.5
0.0 0.0 1.0 
0.0 
0.0 
1.0 0.0 0.0 30.0
0.0 1.0 0.0 0.0 
0.0 0.0 1.0 0.0 

param_balloons01.125
2241.25607 0.0 701.5
0.0 2241.25607 514.5
0.0 0.0 1.0
0.0
0.0
1.0 0.0 0.0	5.625000
0.0 1.0 0.0 0.0
0.0 0.0 1.0 0.0

param_balloons01.25
2241.25607 0.0 701.5
0.0 2241.25607 514.5
0.0 0.0 1.0
0.0
0.0
1.0 0.0 0.0	6.250000
0.0 1.0 0.0 0.0
0.0 0.0 1.0 0.0

param_balloons01.375
2241.25607 0.0 701.5
0.0 2241.25607 514.5
0.0 0.0 1.0
0.0
0.0
1.0 0.0 0.0	6.875000
0.0 1.0 0.0 0.0
0.0 0.0 1.0 0.0

param_balloons01.5
2241.25607 0.0 701.5
0.0 2241.25607 514.5
0.0 0.0 1.0
0.0
0.0
1.0 0.0 0.0	7.500000
0.0 1.0 0.0 0.0
0.0 0.0 1.0 0.0

param_balloons01.625
2241.25607 0.0 701.5
0.0 2241.25607 514.5
0.0 0.0 1.0
0.0
0.0
1.0 0.0 0.0	8.125000
0.0 1.0 0.0 0.0
0.0 0.0 1.0 0.0

param_balloons01.75
2241.25607 0.0 701.5
0.0 2241.25607 514.5
0.0 0.0 1.0
0.0
0.0
1.0 0.0 0.0	8.750000
0.0 1.0 0.0 0.0
0.0 0.0 1.0 0.0

param_balloons01.875
2241.25607 0.0 701.5
0.0 2241.25607 514.5
0.0 0.0 1.0
0.0
0.0
1.0 0.0 0.0	9.375000
0.0 1.0 0.0 0.0
0.0 0.0 1.0 0.0

param_balloons02.125
2241.25607 0.0 701.5
0.0 2241.25607 514.5
0.0 0.0 1.0
0.0
0.0
1.0 0.0 0.0	10.625000
0.0 1.0 0.0 0.0
0.0 0.0 1.0 0.0

param_balloons02.25
2241.25607 0.0 701.5
0.0 2241.25607 514.5
0.0 0.0 1.0
0.0
0.0
1.0 0.0 0.0	11.250000
0.0 1.0 0.0 0.0
0.0 0.0 1.0 0.0

param_balloons02.375
2241.25607 0.0 701.5
0.0 2241.25607 514.5
0.0 0.0 1.0
0.0
0.0
1.0 0.0 0.0	11.875000
0.0 1.0 0.0 0.0
0.0 0.0 1.0 0.0

param_balloons02.5
2241.25607 0.0 701.5
0.0 2241.25607 514.5
0.0 0.0 1.0
0.0
0.0
1.0 0.0 0.0	12.500000
0.0 1.0 0.0 0.0
0.0 0.0 1.0 0.0

param_balloons02.625
2241.25607 0.0 701.5
0.0 2241.25607 514.5
0.0 0.0 1.0
0.0
0.0
1.0 0.0 0.0	13.125000
0.0 1.0 0.0 0.0
0.0 0.0 1.0 0.0

param_balloons02.75
2241.25607 0.0 701.5
0.0 2241.25607 514.5
0.0 0.0 1.0
0.0
0.0
1.0 0.0 0.0	13.750000
0.0 1.0 0.0 0.0
0.0 0.0 1.0 0.0

param_balloons02.875
2241.25607 0.0 701.5
0.0 2241.25607 514.5
0.0 0.0 1.0
0.0
0.0
1.0 0.0 0.0	14.375000
0.0 1.0 0.0 0.0
0.0 0.0 1.0 0.0

param_balloons03.125
2241.25607 0.0 701.5
0.0 2241.25607 514.5
0.0 0.0 1.0
0.0
0.0
1.0 0.0 0.0	15.625000
0.0 1.0 0.0 0.0
0.0 0.0 1.0 0.0

param_balloons03.25
2241.25607 0.0 701.5
0.0 2241.25607 514.5
0.0 0.0 1.0
0.0
0.0
1.0 0.0 0.0	16.250000
0.0 1.0 0.0 0.0
0.0 0.0 1.0 0.0

param_balloons03.375
2241.25607 0.0 701.5
0.0 2241.25607 514.5
0.0 0.0 1.0
0.0
0.0
1.0 0.0 0.0	16.875000
0.0 1.0 0.0 0.0
0.0 0.0 1.0 0.0

param_balloons03.5
2241.25607 0.0 701.5
0.0 2241.25607 514.5
0.0 0.0 1.0
0.0
0.0
1.0 0.0 0.0	17.500000
0.0 1.0 0.0 0.0
0.0 0.0 1.0 0.0

param_balloons03.625
2241.25607 0.0 701.5
0.0 2241.25607 514.5
0.0 0.0 1.0
0.0
0.0
1.0 0.0 0.0	18.125000
0.0 1.0 0.0 0.0
0.0 0.0 1.0 0.0

param_balloons03.75
2241.25607 0.0 701.5
0.0 2241.25607 514.5
0.0 0.0 1.0
0.0
0.0
1.0 0.0 0.0	18.750000
0.0 1.0 0.0 0.0
0.0 0.0 1.0 0.0

param_balloons03.875
2241.25607 0.0 701.5
0.0 2241.25607 514.5
0.0 0.0 1.0
0.0
0.0
1.0 0.0 0.0	19.375000
0.0 1.0 0.0 0.0
0.0 0.0 1.0 0.0

param_balloons04.125
2241.25607 0.0 701.5
0.0 2241.25607 514.5
0.0 0.0 1.0
0.0
0.0
1.0 0.0 0.0	20.625000
0.0 1.0 0.0 0.0
0.0 0.0 1.0 0.0

param_balloons04.25
2241.25607 0.0 701.5
0.0 2241.25607 514.5
0.0 0.0 1.0
0.0
0.0
1.0 0.0 0.0	21.250000
0.0 1.0 0.0 0.0
0.0 0.0 1.0 0.0

param_balloons04.375
2241.25607 0.0 701.5
0.0 2241.25607 514.5
0.0 0.0 1.0
0.0
0.0
1.0 0.0 0.0	21.875000
0.0 1.0 0.0 0.0
0.0 0.0 1.0 0.0

param_balloons04.5
2241.25607 0.0 701.5
0.0 2241.25607 514.5
0.0 0.0 1.0
0.0
0.0
1.0 0.0 0.0	22.500000
0.0 1.0 0.0 0.0
0.0 0.0 1.0 0.0

param_balloons04.625
2241.25607 0.0 701.5
0.0 2241.25607 514.5
0.0 0.0 1.0
0.0
0.0
1.0 0.0 0.0	23.125000
0.0 1.0 0.0 0.0
0.0 0.0 1.0 0.0

param_balloons04.75
2241.25607 0.0 701.5
0.0 2241.25607 514.5
0.0 0.0 1.0
0.0
0.0
1.0 0.0 0.0	23.750000
0.0 1.0 0.0 0.0
0.0 0.0 1.0 0.0

param_balloons04.875
2241.25607 0.0 701.5
0.0 2241.25607 514.5
0.0 0.0 1.0
0.0
0.0
1.0 0.0 0.0	24.375000
0.0 1.0 0.0 0.0
0.0 0.0 1.0 0.0
