param_cam0
1732.875727	0.000000	943.231169	
0.000000	1729.908923	548.845040	
0.000000	0.000000	1.000000	
0.000000
0.000000
1.000000	-0.000000	-0.000000	0.000000	
-0.000000	1.000000	-0.000000	-0.000000	
-0.000000	-0.000000	1.000000	-0.000000	

param_cam1
1732.875727	0.000000	943.231169	
0.000000	1729.908923	548.845040	
0.000000	0.000000	1.000000	
0.000000
0.000000
1.000000	-0.000000	-0.000000	1.593023	
-0.000000	1.000000	-0.000000	-0.000000	
-0.000000	-0.000000	1.000000	-0.000000	

param_cam2
1732.875727	0.000000	943.231169	
0.000000	1729.908923	548.845040	
0.000000	0.000000	1.000000	
0.000000
0.000000
1.000000	-0.000000	-0.000000	3.186047	
-0.000000	1.000000	-0.000000	-0.000000	
-0.000000	-0.000000	1.000000	-0.000000	

param_cam3
1732.875727	0.000000	943.231169	
0.000000	1729.908923	548.845040	
0.000000	0.000000	1.000000	
0.000000
0.000000
1.000000	-0.000000	-0.000000	4.779070	
-0.000000	1.000000	-0.000000	-0.000000	
-0.000000	-0.000000	1.000000	-0.000000	

param_cam4
1732.875727	0.000000	943.231169	
0.000000	1729.908923	548.845040	
0.000000	0.000000	1.000000	
0.000000
0.000000
1.000000	-0.000000	-0.000000	6.372093	
-0.000000	1.000000	-0.000000	-0.000000	
-0.000000	-0.000000	1.000000	-0.000000	

param_cam5
1732.875727	0.000000	943.231169	
0.000000	1729.908923	548.845040	
0.000000	0.000000	1.000000	
0.000000
0.000000
1.000000	-0.000000	-0.000000	7.965116	
-0.000000	1.000000	-0.000000	-0.000000	
-0.000000	-0.000000	1.000000	-0.000000	

param_cam6
1732.875727	0.000000	943.231169	
0.000000	1729.908923	548.845040	
0.000000	0.000000	1.000000	
0.000000
0.000000
1.000000	-0.000000	-0.000000	9.558140	
-0.000000	1.000000	-0.000000	-0.000000	
-0.000000	-0.000000	1.000000	-0.000000	

param_cam7
1732.875727	0.000000	943.231169	
0.000000	1729.908923	548.845040	
0.000000	0.000000	1.000000	
0.000000
0.000000
1.000000	-0.000000	-0.000000	11.151163	
-0.000000	1.000000	-0.000000	-0.000000	
-0.000000	-0.000000	1.000000	-0.000000	

param_cam8
1732.875727	0.000000	943.231169	
0.000000	1729.908923	548.845040	
0.000000	0.000000	1.000000	
0.000000
0.000000
1.000000	-0.000000	-0.000000	12.744186	
-0.000000	1.000000	-0.000000	-0.000000	
-0.000000	-0.000000	1.000000	-0.000000




param_cam5.0625
1732.875727	0.000000	943.231169
0.000000	1729.908923	548.845040
0.000000	0.000000	1.000000
0.000000
0.000000
1.000000	-0.000000	-0.000000	8.064680
-0.000000	1.000000	-0.000000	-0.000000
-0.000000	-0.000000	1.000000	-0.000000

param_cam5.125
1732.875727	0.000000	943.231169
0.000000	1729.908923	548.845040
0.000000	0.000000	1.000000
0.000000
0.000000
1.000000	-0.000000	-0.000000	8.164244
-0.000000	1.000000	-0.000000	-0.000000
-0.000000	-0.000000	1.000000	-0.000000

param_cam5.1875
1732.875727	0.000000	943.231169
0.000000	1729.908923	548.845040
0.000000	0.000000	1.000000
0.000000
0.000000
1.000000	-0.000000	-0.000000	8.263808
-0.000000	1.000000	-0.000000	-0.000000
-0.000000	-0.000000	1.000000	-0.000000

param_cam5.25
1732.875727	0.000000	943.231169
0.000000	1729.908923	548.845040
0.000000	0.000000	1.000000
0.000000
0.000000
1.000000	-0.000000	-0.000000	8.363372
-0.000000	1.000000	-0.000000	-0.000000
-0.000000	-0.000000	1.000000	-0.000000

param_cam5.3125
1732.875727	0.000000	943.231169
0.000000	1729.908923	548.845040
0.000000	0.000000	1.000000
0.000000
0.000000
1.000000	-0.000000	-0.000000	8.462936
-0.000000	1.000000	-0.000000	-0.000000
-0.000000	-0.000000	1.000000	-0.000000

param_cam5.375
1732.875727	0.000000	943.231169
0.000000	1729.908923	548.845040
0.000000	0.000000	1.000000
0.000000
0.000000
1.000000	-0.000000	-0.000000	8.562500
-0.000000	1.000000	-0.000000	-0.000000
-0.000000	-0.000000	1.000000	-0.000000

param_cam5.4375
1732.875727	0.000000	943.231169
0.000000	1729.908923	548.845040
0.000000	0.000000	1.000000
0.000000
0.000000
1.000000	-0.000000	-0.000000	8.662064
-0.000000	1.000000	-0.000000	-0.000000
-0.000000	-0.000000	1.000000	-0.000000

param_cam5.5
1732.875727	0.000000	943.231169
0.000000	1729.908923	548.845040
0.000000	0.000000	1.000000
0.000000
0.000000
1.000000	-0.000000	-0.000000	8.761627
-0.000000	1.000000	-0.000000	-0.000000
-0.000000	-0.000000	1.000000	-0.000000

param_cam5.5625
1732.875727	0.000000	943.231169
0.000000	1729.908923	548.845040
0.000000	0.000000	1.000000
0.000000
0.000000
1.000000	-0.000000	-0.000000	8.861191
-0.000000	1.000000	-0.000000	-0.000000
-0.000000	-0.000000	1.000000	-0.000000

param_cam5.625
1732.875727	0.000000	943.231169
0.000000	1729.908923	548.845040
0.000000	0.000000	1.000000
0.000000
0.000000
1.000000	-0.000000	-0.000000	8.960755
-0.000000	1.000000	-0.000000	-0.000000
-0.000000	-0.000000	1.000000	-0.000000

param_cam5.6875
1732.875727	0.000000	943.231169
0.000000	1729.908923	548.845040
0.000000	0.000000	1.000000
0.000000
0.000000
1.000000	-0.000000	-0.000000	9.060319
-0.000000	1.000000	-0.000000	-0.000000
-0.000000	-0.000000	1.000000	-0.000000

param_cam5.75
1732.875727	0.000000	943.231169
0.000000	1729.908923	548.845040
0.000000	0.000000	1.000000
0.000000
0.000000
1.000000	-0.000000	-0.000000	9.159883
-0.000000	1.000000	-0.000000	-0.000000
-0.000000	-0.000000	1.000000	-0.000000

param_cam5.8125
1732.875727	0.000000	943.231169
0.000000	1729.908923	548.845040
0.000000	0.000000	1.000000
0.000000
0.000000
1.000000	-0.000000	-0.000000	9.259447
-0.000000	1.000000	-0.000000	-0.000000
-0.000000	-0.000000	1.000000	-0.000000

param_cam5.875
1732.875727	0.000000	943.231169
0.000000	1729.908923	548.845040
0.000000	0.000000	1.000000
0.000000
0.000000
1.000000	-0.000000	-0.000000	9.359011
-0.000000	1.000000	-0.000000	-0.000000
-0.000000	-0.000000	1.000000	-0.000000

param_cam5.9375
1732.875727	0.000000	943.231169
0.000000	1729.908923	548.845040
0.000000	0.000000	1.000000
0.000000
0.000000
1.000000	-0.000000	-0.000000	9.458575
-0.000000	1.000000	-0.000000	-0.000000
-0.000000	-0.000000	1.000000	-0.000000

param_cam6.0625
1732.875727	0.000000	943.231169
0.000000	1729.908923	548.845040
0.000000	0.000000	1.000000
0.000000
0.000000
1.000000	-0.000000	-0.000000	9.657703
-0.000000	1.000000	-0.000000	-0.000000
-0.000000	-0.000000	1.000000	-0.000000

param_cam6.125
1732.875727	0.000000	943.231169
0.000000	1729.908923	548.845040
0.000000	0.000000	1.000000
0.000000
0.000000
1.000000	-0.000000	-0.000000	9.757267
-0.000000	1.000000	-0.000000	-0.000000
-0.000000	-0.000000	1.000000	-0.000000

param_cam6.1875
1732.875727	0.000000	943.231169
0.000000	1729.908923	548.845040
0.000000	0.000000	1.000000
0.000000
0.000000
1.000000	-0.000000	-0.000000	9.856831
-0.000000	1.000000	-0.000000	-0.000000
-0.000000	-0.000000	1.000000	-0.000000

param_cam6.25
1732.875727	0.000000	943.231169
0.000000	1729.908923	548.845040
0.000000	0.000000	1.000000
0.000000
0.000000
1.000000	-0.000000	-0.000000	9.956395
-0.000000	1.000000	-0.000000	-0.000000
-0.000000	-0.000000	1.000000	-0.000000

param_cam6.3125
1732.875727	0.000000	943.231169
0.000000	1729.908923	548.845040
0.000000	0.000000	1.000000
0.000000
0.000000
1.000000	-0.000000	-0.000000	10.055959
-0.000000	1.000000	-0.000000	-0.000000
-0.000000	-0.000000	1.000000	-0.000000

param_cam6.375
1732.875727	0.000000	943.231169
0.000000	1729.908923	548.845040
0.000000	0.000000	1.000000
0.000000
0.000000
1.000000	-0.000000	-0.000000	10.155523
-0.000000	1.000000	-0.000000	-0.000000
-0.000000	-0.000000	1.000000	-0.000000

param_cam6.4375
1732.875727	0.000000	943.231169
0.000000	1729.908923	548.845040
0.000000	0.000000	1.000000
0.000000
0.000000
1.000000	-0.000000	-0.000000	10.255087
-0.000000	1.000000	-0.000000	-0.000000
-0.000000	-0.000000	1.000000	-0.000000

param_cam6.5
1732.875727	0.000000	943.231169
0.000000	1729.908923	548.845040
0.000000	0.000000	1.000000
0.000000
0.000000
1.000000	-0.000000	-0.000000	10.354650
-0.000000	1.000000	-0.000000	-0.000000
-0.000000	-0.000000	1.000000	-0.000000

param_cam6.5625
1732.875727	0.000000	943.231169
0.000000	1729.908923	548.845040
0.000000	0.000000	1.000000
0.000000
0.000000
1.000000	-0.000000	-0.000000	10.454214
-0.000000	1.000000	-0.000000	-0.000000
-0.000000	-0.000000	1.000000	-0.000000

param_cam6.625
1732.875727	0.000000	943.231169
0.000000	1729.908923	548.845040
0.000000	0.000000	1.000000
0.000000
0.000000
1.000000	-0.000000	-0.000000	10.553778
-0.000000	1.000000	-0.000000	-0.000000
-0.000000	-0.000000	1.000000	-0.000000

param_cam6.6875
1732.875727	0.000000	943.231169
0.000000	1729.908923	548.845040
0.000000	0.000000	1.000000
0.000000
0.000000
1.000000	-0.000000	-0.000000	10.653342
-0.000000	1.000000	-0.000000	-0.000000
-0.000000	-0.000000	1.000000	-0.000000

param_cam6.75
1732.875727	0.000000	943.231169
0.000000	1729.908923	548.845040
0.000000	0.000000	1.000000
0.000000
0.000000
1.000000	-0.000000	-0.000000	10.752906
-0.000000	1.000000	-0.000000	-0.000000
-0.000000	-0.000000	1.000000	-0.000000

param_cam6.8125
1732.875727	0.000000	943.231169
0.000000	1729.908923	548.845040
0.000000	0.000000	1.000000
0.000000
0.000000
1.000000	-0.000000	-0.000000	10.852470
-0.000000	1.000000	-0.000000	-0.000000
-0.000000	-0.000000	1.000000	-0.000000

param_cam6.875
1732.875727	0.000000	943.231169
0.000000	1729.908923	548.845040
0.000000	0.000000	1.000000
0.000000
0.000000
1.000000	-0.000000	-0.000000	10.952034
-0.000000	1.000000	-0.000000	-0.000000
-0.000000	-0.000000	1.000000	-0.000000

param_cam6.9375
1732.875727	0.000000	943.231169
0.000000	1729.908923	548.845040
0.000000	0.000000	1.000000
0.000000
0.000000
1.000000	-0.000000	-0.000000	11.051598
-0.000000	1.000000	-0.000000	-0.000000
-0.000000	-0.000000	1.000000	-0.000000
