param_loveb1_001
2017.8074684219137  0.0                555.4121600029979
0.0                 2009.3330626387904 385.28498930066263
0.0                 0.0                1.0
0.0
0.0
1.0 0.0 0.0  193.2942182
0.0 -1.0 0.0  0.0
0.0 0.0 -1.0  0.0

param_loveb1_002
2017.8074684219137  0.0                555.4121600029979
0.0                 2009.3330626387904 385.28498930066263
0.0                 0.0                1.0
0.0
0.0
1.0 0.0 0.0  154.6353745
0.0 -1.0 0.0  0.0
0.0 0.0 -1.0  0.0

param_loveb1_003
2017.8074684219137  0.0                555.4121600029979
0.0                 2009.3330626387904 385.28498930066263
0.0                 0.0                1.0
0.0
0.0
1.0 0.0 0.0  115.9765309
0.0 -1.0 0.0  0.0
0.0 0.0 -1.0  0.0

param_loveb1_004
2017.8074684219137  0.0                555.4121600029979
0.0                 2009.3330626387904 385.28498930066263
0.0                 0.0                1.0
0.0
0.0
1.0 0.0 0.0  77.31768727
0.0 -1.0 0.0  0.0
0.0 0.0 -1.0  0.0

param_loveb1_005
2017.8074684219137  0.0                555.4121600029979
0.0                 2009.3330626387904 385.28498930066263
0.0                 0.0                1.0
0.0
0.0
1.0 0.0 0.0  38.65884364
0.0 -1.0 0.0  0.0
0.0 0.0 -1.0  0.0

param_loveb1_006
2017.8074684219137  0.0                555.4121600029979
0.0                 2009.3330626387904 385.28498930066263
0.0                 0.0                1.0
0.0
0.0
1.0 0.0 0.0  0.0
0.0 -1.0 0.0  0.0
0.0 0.0 -1.0  0.0

param_loveb1_007
2017.8074684219137  0.0                555.4121600029979
0.0                 2009.3330626387904 385.28498930066263
0.0                 0.0                1.0
0.0
0.0
1.0 0.0 0.0  -32.1455056
0.0 -1.0 0.0  0.437650541
0.0 0.0 -1.0  0.000100426

param_loveb1_008
2017.8074684219137  0.0                555.4121600029979
0.0                 2009.3330626387904 385.28498930066263
0.0                 0.0                1.0
0.0
0.0
1.0 0.0 0.0  -70.80434924
0.0 -1.0 0.0  0.437650541
0.0 0.0 -1.0  0.000100426

param_loveb1_009
2017.8074684219137  0.0                555.4121600029979
0.0                 2009.3330626387904 385.28498930066263
0.0                 0.0                1.0
0.0
0.0
1.0 0.0 0.0  -109.4631929
0.0 -1.0 0.0  0.437650541
0.0 0.0 -1.0  0.000100426

param_loveb1_010
2017.8074684219137  0.0                555.4121600029979
0.0                 2009.3330626387904 385.28498930066263
0.0                 0.0                1.0
0.0
0.0
1.0 0.0 0.0  -148.1220365
0.0 -1.0 0.0  0.437650541
0.0 0.0 -1.0  0.000100426

param_loveb1_011
2017.8074684219137  0.0                555.4121600029979
0.0                 2009.3330626387904 385.28498930066263
0.0                 0.0                1.0
0.0
0.0
1.0 0.0 0.0  -186.7808801
0.0 -1.0 0.0  0.437650541
0.0 0.0 -1.0  0.000100426

param_loveb1_012
2017.8074684219137  0.0                555.4121600029979
0.0                 2009.3330626387904 385.28498930066263
0.0                 0.0                1.0
0.0
0.0
1.0 0.0 0.0  -225.4397238
0.0 -1.0 0.0  0.437650541
0.0 0.0 -1.0  0.000100426

param_loveb1_004.6672
2017.8074684219137  0.0                555.4121600029979
0.0                 2009.3330626387904 385.28498930066263
0.0                 0.0                1.0
0.0
0.0
1.0 0.0 0.0  51.54512485
0.0 -1.0 0.0  0.0
0.0 0.0 -1.0  0.0

param_loveb1_004.7505
2017.8074684219137  0.0                555.4121600029979
0.0                 2009.3330626387904 385.28498930066263
0.0                 0.0                1.0
0.0
0.0
1.0 0.0 0.0  48.32355455
0.0 -1.0 0.0  0.0
0.0 0.0 -1.0  0.0

param_loveb1_004.8338
2017.8074684219137  0.0                555.4121600029979
0.0                 2009.3330626387904 385.28498930066263
0.0                 0.0                1.0
0.0
0.0
1.0 0.0 0.0  45.10198425
0.0 -1.0 0.0  0.0
0.0 0.0 -1.0  0.0

param_loveb1_004.9171
2017.8074684219137  0.0                555.4121600029979
0.0                 2009.3330626387904 385.28498930066263
0.0                 0.0                1.0
0.0
0.0
1.0 0.0 0.0  41.88041394
0.0 -1.0 0.0  0.0
0.0 0.0 -1.0  0.0

param_loveb1_005.0004
2017.8074684219137  0.0                555.4121600029979
0.0                 2009.3330626387904 385.28498930066263
0.0                 0.0                1.0
0.0
0.0
1.0 0.0 0.0  38.65884364
0.0 -1.0 0.0  0.0
0.0 0.0 -1.0  0.0

param_loveb1_005.0837
2017.8074684219137  0.0                555.4121600029979
0.0                 2009.3330626387904 385.28498930066263
0.0                 0.0                1.0
0.0
0.0
1.0 0.0 0.0  35.43727334
0.0 -1.0 0.0  0.0
0.0 0.0 -1.0  0.0

param_loveb1_005.167
2017.8074684219137  0.0                555.4121600029979
0.0                 2009.3330626387904 385.28498930066263
0.0                 0.0                1.0
0.0
0.0
1.0 0.0 0.0  32.21570303
0.0 -1.0 0.0  0.0
0.0 0.0 -1.0  0.0

param_loveb1_005.2503
2017.8074684219137  0.0                555.4121600029979
0.0                 2009.3330626387904 385.28498930066263
0.0                 0.0                1.0
0.0
0.0
1.0 0.0 0.0  28.99413273
0.0 -1.0 0.0  0.0
0.0 0.0 -1.0  0.0

param_loveb1_005.3336
2017.8074684219137  0.0                555.4121600029979
0.0                 2009.3330626387904 385.28498930066263
0.0                 0.0                1.0
0.0
0.0
1.0 0.0 0.0  25.77256243
0.0 -1.0 0.0  0.0
0.0 0.0 -1.0  0.0

param_loveb1_005.4169
2017.8074684219137  0.0                555.4121600029979
0.0                 2009.3330626387904 385.28498930066263
0.0                 0.0                1.0
0.0
0.0
1.0 0.0 0.0  22.55099212
0.0 -1.0 0.0  0.0
0.0 0.0 -1.0  0.0

param_loveb1_005.5002
2017.8074684219137  0.0                555.4121600029979
0.0                 2009.3330626387904 385.28498930066263
0.0                 0.0                1.0
0.0
0.0
1.0 0.0 0.0  19.32942182
0.0 -1.0 0.0  0.0
0.0 0.0 -1.0  0.0

param_loveb1_005.5835
2017.8074684219137  0.0                555.4121600029979
0.0                 2009.3330626387904 385.28498930066263
0.0                 0.0                1.0
0.0
0.0
1.0 0.0 0.0  16.10785152
0.0 -1.0 0.0  0.0
0.0 0.0 -1.0  0.0

param_loveb1_005.6668
2017.8074684219137  0.0                555.4121600029979
0.0                 2009.3330626387904 385.28498930066263
0.0                 0.0                1.0
0.0
0.0
1.0 0.0 0.0  12.88628121
0.0 -1.0 0.0  0.0
0.0 0.0 -1.0  0.0

param_loveb1_005.7501
2017.8074684219137  0.0                555.4121600029979
0.0                 2009.3330626387904 385.28498930066263
0.0                 0.0                1.0
0.0
0.0
1.0 0.0 0.0  9.66471091
0.0 -1.0 0.0  0.0
0.0 0.0 -1.0  0.0

param_loveb1_005.8334
2017.8074684219137  0.0                555.4121600029979
0.0                 2009.3330626387904 385.28498930066263
0.0                 0.0                1.0
0.0
0.0
1.0 0.0 0.0  6.44314061
0.0 -1.0 0.0  0.0
0.0 0.0 -1.0  0.0

param_loveb1_005.9167
2017.8074684219137  0.0                555.4121600029979
0.0                 2009.3330626387904 385.28498930066263
0.0                 0.0                1.0
0.0
0.0
1.0 0.0 0.0  3.22157030
0.0 -1.0 0.0  0.0
0.0 0.0 -1.0  0.0

param_loveb1_006.101
2017.8074684219137  0.0                555.4121600029979
0.0                 2009.3330626387904 385.28498930066263
0.0                 0.0                1.0
0.0
0.0
1.0 0.0 0.0  -3.22157030
0.0 -1.0 0.0  0.0
0.0 0.0 -1.0  0.0

param_loveb1_006.202
2017.8074684219137  0.0                555.4121600029979
0.0                 2009.3330626387904 385.28498930066263
0.0                 0.0                1.0
0.0
0.0
1.0 0.0 0.0  -6.44314061
0.0 -1.0 0.0  0.0
0.0 0.0 -1.0  0.0

param_loveb1_006.303
2017.8074684219137  0.0                555.4121600029979
0.0                 2009.3330626387904 385.28498930066263
0.0                 0.0                1.0
0.0
0.0
1.0 0.0 0.0  -9.66471091
0.0 -1.0 0.0  0.0
0.0 0.0 -1.0  0.0

param_loveb1_006.404
2017.8074684219137  0.0                555.4121600029979
0.0                 2009.3330626387904 385.28498930066263
0.0                 0.0                1.0
0.0
0.0
1.0 0.0 0.0  -12.88628121
0.0 -1.0 0.0  0.0
0.0 0.0 -1.0  0.0

param_loveb1_006.505
2017.8074684219137  0.0                555.4121600029979
0.0                 2009.3330626387904 385.28498930066263
0.0                 0.0                1.0
0.0
0.0
1.0 0.0 0.0  -16.10785152
0.0 -1.0 0.0  0.0
0.0 0.0 -1.0  0.0

param_loveb1_006.606
2017.8074684219137  0.0                555.4121600029979
0.0                 2009.3330626387904 385.28498930066263
0.0                 0.0                1.0
0.0
0.0
1.0 0.0 0.0  -19.32942182
0.0 -1.0 0.0  0.0
0.0 0.0 -1.0  0.0

param_loveb1_006.707
2017.8074684219137  0.0                555.4121600029979
0.0                 2009.3330626387904 385.28498930066263
0.0                 0.0                1.0
0.0
0.0
1.0 0.0 0.0  -22.55099212
0.0 -1.0 0.0  0.0
0.0 0.0 -1.0  0.0

param_loveb1_006.808
2017.8074684219137  0.0                555.4121600029979
0.0                 2009.3330626387904 385.28498930066263
0.0                 0.0                1.0
0.0
0.0
1.0 0.0 0.0  -25.77256243
0.0 -1.0 0.0  0.0
0.0 0.0 -1.0  0.0

param_loveb1_006.909
2017.8074684219137  0.0                555.4121600029979
0.0                 2009.3330626387904 385.28498930066263
0.0                 0.0                1.0
0.0
0.0
1.0 0.0 0.0  -28.99413273
0.0 -1.0 0.0  0.0
0.0 0.0 -1.0  0.0

param_loveb1_007.01
2017.8074684219137  0.0                555.4121600029979
0.0                 2009.3330626387904 385.28498930066263
0.0                 0.0                1.0
0.0
0.0
1.0 0.0 0.0  -32.21570303
0.0 -1.0 0.0  0.437650541
0.0 0.0 -1.0  0.000100426

param_loveb1_007.111
2017.8074684219137  0.0                555.4121600029979
0.0                 2009.3330626387904 385.28498930066263
0.0                 0.0                1.0
0.0
0.0
1.0 0.0 0.0  -35.43727334
0.0 -1.0 0.0  0.437650541
0.0 0.0 -1.0  0.000100426

param_loveb1_007.212
2017.8074684219137  0.0                555.4121600029979
0.0                 2009.3330626387904 385.28498930066263
0.0                 0.0                1.0
0.0
0.0
1.0 0.0 0.0  -38.65884364
0.0 -1.0 0.0  0.437650541
0.0 0.0 -1.0  0.000100426

param_loveb1_007.313
2017.8074684219137  0.0                555.4121600029979
0.0                 2009.3330626387904 385.28498930066263
0.0                 0.0                1.0
0.0
0.0
1.0 0.0 0.0  -41.88041394
0.0 -1.0 0.0  0.437650541
0.0 0.0 -1.0  0.000100426

param_loveb1_007.414
2017.8074684219137  0.0                555.4121600029979
0.0                 2009.3330626387904 385.28498930066263
0.0                 0.0                1.0
0.0
0.0
1.0 0.0 0.0  -45.10198425
0.0 -1.0 0.0  0.437650541
0.0 0.0 -1.0  0.000100426

param_loveb1_007.515
2017.8074684219137  0.0                555.4121600029979
0.0                 2009.3330626387904 385.28498930066263
0.0                 0.0                1.0
0.0
0.0
1.0 0.0 0.0  -48.32355455
0.0 -1.0 0.0  0.437650541
0.0 0.0 -1.0  0.000100426

param_loveb1_007.616
2017.8074684219137  0.0                555.4121600029979
0.0                 2009.3330626387904 385.28498930066263
0.0                 0.0                1.0
0.0
0.0
1.0 0.0 0.0  -51.54512485
0.0 -1.0 0.0  0.437650541
0.0 0.0 -1.0  0.000100426

param_loveb1_008
2017.8074684219137  0.0                555.4121600029979
0.0                 2009.3330626387904 385.28498930066263
0.0                 0.0                1.0
0.0
0.0
1.0 0.0 0.0  -70.80434924
0.0 -1.0 0.0  0.437650541
0.0 0.0 -1.0  0.000100426
