param_cam0
1732.875727	0.000000	943.231169	
0.000000	1729.908923	548.845040	
0.000000	0.000000	1.000000	
0.000000
0.000000
1.000000	0.000000	0.000000	0.000000	
0.000000	1.000000	0.000000	0.000000	
0.000000	0.000000	1.000000	0.000000	

param_cam1
1732.875727	0.000000	943.231169	
0.000000	1729.908923	548.845040	
0.000000	0.000000	1.000000	
0.000000
0.000000
1.000000	0.000000	0.000000	1.593023	
0.000000	1.000000	0.000000	0.000000	
0.000000	0.000000	1.000000	0.000000	

param_cam2
1732.875727	0.000000	943.231169	
0.000000	1729.908923	548.845040	
0.000000	0.000000	1.000000	
0.000000
0.000000
1.000000	0.000000	0.000000	3.186047	
0.000000	1.000000	0.000000	0.000000	
0.000000	0.000000	1.000000	0.000000	

param_cam3
1732.875727	0.000000	943.231169	
0.000000	1729.908923	548.845040	
0.000000	0.000000	1.000000	
0.000000
0.000000
1.000000	0.000000	0.000000	4.779070	
0.000000	1.000000	0.000000	0.000000	
0.000000	0.000000	1.000000	0.000000	

param_cam4
1732.875727	0.000000	943.231169	
0.000000	1729.908923	548.845040	
0.000000	0.000000	1.000000	
0.000000
0.000000
1.000000	0.000000	0.000000	6.372093	
0.000000	1.000000	0.000000	0.000000	
0.000000	0.000000	1.000000	0.000000	

param_cam5
1732.875727	0.000000	943.231169	
0.000000	1729.908923	548.845040	
0.000000	0.000000	1.000000	
0.000000
0.000000
1.000000	0.000000	0.000000	7.965116	
0.000000	1.000000	0.000000	0.000000	
0.000000	0.000000	1.000000	0.000000	

param_cam6
1732.875727	0.000000	943.231169	
0.000000	1729.908923	548.845040	
0.000000	0.000000	1.000000	
0.000000
0.000000
1.000000	0.000000	0.000000	9.558140	
0.000000	1.000000	0.000000	0.000000	
0.000000	0.000000	1.000000	0.000000	

param_cam7
1732.875727	0.000000	943.231169	
0.000000	1729.908923	548.845040	
0.000000	0.000000	1.000000	
0.000000
0.000000
1.000000	0.000000	0.000000	11.151163	
0.000000	1.000000	0.000000	0.000000	
0.000000	0.000000	1.000000	0.000000	

param_cam8
1732.875727	0.000000	943.231169	
0.000000	1729.908923	548.845040	
0.000000	0.000000	1.000000	
0.000000
0.000000
1.000000	0.000000	0.000000	12.744186	
0.000000	1.000000	0.000000	0.000000	
0.000000	0.000000	1.000000	0.000000	

param_cam3.0625
1732.875727	0.000000	943.231169
0.000000	1729.908923	548.845040
0.000000	0.000000	1.000000
0.000000
0.000000
1.000000	0.000000	0.000000	4.878634
0.000000	1.000000	0.000000	0.000000
0.000000	0.000000	1.000000	0.000000

param_cam3.125
1732.875727	0.000000	943.231169
0.000000	1729.908923	548.845040
0.000000	0.000000	1.000000
0.000000
0.000000
1.000000	0.000000	0.000000	4.978198
0.000000	1.000000	0.000000	0.000000
0.000000	0.000000	1.000000	0.000000

param_cam3.1875
1732.875727	0.000000	943.231169
0.000000	1729.908923	548.845040
0.000000	0.000000	1.000000
0.000000
0.000000
1.000000	0.000000	0.000000	5.077762
0.000000	1.000000	0.000000	0.000000
0.000000	0.000000	1.000000	0.000000

param_cam3.25
1732.875727	0.000000	943.231169
0.000000	1729.908923	548.845040
0.000000	0.000000	1.000000
0.000000
0.000000
1.000000	0.000000	0.000000	5.177326
0.000000	1.000000	0.000000	0.000000
0.000000	0.000000	1.000000	0.000000

param_cam3.3125
1732.875727	0.000000	943.231169
0.000000	1729.908923	548.845040
0.000000	0.000000	1.000000
0.000000
0.000000
1.000000	0.000000	0.000000	5.276890
0.000000	1.000000	0.000000	0.000000
0.000000	0.000000	1.000000	0.000000

param_cam3.375
1732.875727	0.000000	943.231169
0.000000	1729.908923	548.845040
0.000000	0.000000	1.000000
0.000000
0.000000
1.000000	0.000000	0.000000	5.376454
0.000000	1.000000	0.000000	0.000000
0.000000	0.000000	1.000000	0.000000

param_cam3.4375
1732.875727	0.000000	943.231169
0.000000	1729.908923	548.845040
0.000000	0.000000	1.000000
0.000000
0.000000
1.000000	0.000000	0.000000	5.476018
0.000000	1.000000	0.000000	0.000000
0.000000	0.000000	1.000000	0.000000

param_cam3.5
1732.875727	0.000000	943.231169
0.000000	1729.908923	548.845040
0.000000	0.000000	1.000000
0.000000
0.000000
1.000000	0.000000	0.000000	5.575582
0.000000	1.000000	0.000000	0.000000
0.000000	0.000000	1.000000	0.000000

param_cam3.5625
1732.875727	0.000000	943.231169
0.000000	1729.908923	548.845040
0.000000	0.000000	1.000000
0.000000
0.000000
1.000000	0.000000	0.000000	5.675145
0.000000	1.000000	0.000000	0.000000
0.000000	0.000000	1.000000	0.000000

param_cam3.625
1732.875727	0.000000	943.231169
0.000000	1729.908923	548.845040
0.000000	0.000000	1.000000
0.000000
0.000000
1.000000	0.000000	0.000000	5.774709
0.000000	1.000000	0.000000	0.000000
0.000000	0.000000	1.000000	0.000000

param_cam3.6875
1732.875727	0.000000	943.231169
0.000000	1729.908923	548.845040
0.000000	0.000000	1.000000
0.000000
0.000000
1.000000	0.000000	0.000000	5.874273
0.000000	1.000000	0.000000	0.000000
0.000000	0.000000	1.000000	0.000000

param_cam3.75
1732.875727	0.000000	943.231169
0.000000	1729.908923	548.845040
0.000000	0.000000	1.000000
0.000000
0.000000
1.000000	0.000000	0.000000	5.973837
0.000000	1.000000	0.000000	0.000000
0.000000	0.000000	1.000000	0.000000

param_cam3.8125
1732.875727	0.000000	943.231169
0.000000	1729.908923	548.845040
0.000000	0.000000	1.000000
0.000000
0.000000
1.000000	0.000000	0.000000	6.073401
0.000000	1.000000	0.000000	0.000000
0.000000	0.000000	1.000000	0.000000

param_cam3.875
1732.875727	0.000000	943.231169
0.000000	1729.908923	548.845040
0.000000	0.000000	1.000000
0.000000
0.000000
1.000000	0.000000	0.000000	6.172965
0.000000	1.000000	0.000000	0.000000
0.000000	0.000000	1.000000	0.000000

param_cam3.9375
1732.875727	0.000000	943.231169
0.000000	1729.908923	548.845040
0.000000	0.000000	1.000000
0.000000
0.000000
1.000000	0.000000	0.000000	6.272529
0.000000	1.000000	0.000000	0.000000
0.000000	0.000000	1.000000	0.000000

param_cam4.0625
1732.875727	0.000000	943.231169
0.000000	1729.908923	548.845040
0.000000	0.000000	1.000000
0.000000
0.000000
1.000000	0.000000	0.000000	6.471657
0.000000	1.000000	0.000000	0.000000
0.000000	0.000000	1.000000	0.000000

param_cam4.125
1732.875727	0.000000	943.231169
0.000000	1729.908923	548.845040
0.000000	0.000000	1.000000
0.000000
0.000000
1.000000	0.000000	0.000000	6.571221
0.000000	1.000000	0.000000	0.000000
0.000000	0.000000	1.000000	0.000000

param_cam4.1875
1732.875727	0.000000	943.231169
0.000000	1729.908923	548.845040
0.000000	0.000000	1.000000
0.000000
0.000000
1.000000	0.000000	0.000000	6.670785
0.000000	1.000000	0.000000	0.000000
0.000000	0.000000	1.000000	0.000000

param_cam4.25
1732.875727	0.000000	943.231169
0.000000	1729.908923	548.845040
0.000000	0.000000	1.000000
0.000000
0.000000
1.000000	0.000000	0.000000	6.770349
0.000000	1.000000	0.000000	0.000000
0.000000	0.000000	1.000000	0.000000

param_cam4.3125
1732.875727	0.000000	943.231169
0.000000	1729.908923	548.845040
0.000000	0.000000	1.000000
0.000000
0.000000
1.000000	0.000000	0.000000	6.869913
0.000000	1.000000	0.000000	0.000000
0.000000	0.000000	1.000000	0.000000

param_cam4.375
1732.875727	0.000000	943.231169
0.000000	1729.908923	548.845040
0.000000	0.000000	1.000000
0.000000
0.000000
1.000000	0.000000	0.000000	6.969477
0.000000	1.000000	0.000000	0.000000
0.000000	0.000000	1.000000	0.000000

param_cam4.4375
1732.875727	0.000000	943.231169
0.000000	1729.908923	548.845040
0.000000	0.000000	1.000000
0.000000
0.000000
1.000000	0.000000	0.000000	7.069041
0.000000	1.000000	0.000000	0.000000
0.000000	0.000000	1.000000	0.000000

param_cam4.5
1732.875727	0.000000	943.231169
0.000000	1729.908923	548.845040
0.000000	0.000000	1.000000
0.000000
0.000000
1.000000	0.000000	0.000000	7.168605
0.000000	1.000000	0.000000	0.000000
0.000000	0.000000	1.000000	0.000000

param_cam4.5625
1732.875727	0.000000	943.231169
0.000000	1729.908923	548.845040
0.000000	0.000000	1.000000
0.000000
0.000000
1.000000	0.000000	0.000000	7.268168
0.000000	1.000000	0.000000	0.000000
0.000000	0.000000	1.000000	0.000000

param_cam4.625
1732.875727	0.000000	943.231169
0.000000	1729.908923	548.845040
0.000000	0.000000	1.000000
0.000000
0.000000
1.000000	0.000000	0.000000	7.367732
0.000000	1.000000	0.000000	0.000000
0.000000	0.000000	1.000000	0.000000

param_cam4.6875
1732.875727	0.000000	943.231169
0.000000	1729.908923	548.845040
0.000000	0.000000	1.000000
0.000000
0.000000
1.000000	0.000000	0.000000	7.467296
0.000000	1.000000	0.000000	0.000000
0.000000	0.000000	1.000000	0.000000

param_cam4.75
1732.875727	0.000000	943.231169
0.000000	1729.908923	548.845040
0.000000	0.000000	1.000000
0.000000
0.000000
1.000000	0.000000	0.000000	7.566860
0.000000	1.000000	0.000000	0.000000
0.000000	0.000000	1.000000	0.000000

param_cam4.8125
1732.875727	0.000000	943.231169
0.000000	1729.908923	548.845040
0.000000	0.000000	1.000000
0.000000
0.000000
1.000000	0.000000	0.000000	7.666424
0.000000	1.000000	0.000000	0.000000
0.000000	0.000000	1.000000	0.000000

param_cam4.875
1732.875727	0.000000	943.231169
0.000000	1729.908923	548.845040
0.000000	0.000000	1.000000
0.000000
0.000000
1.000000	0.000000	0.000000	7.765988
0.000000	1.000000	0.000000	0.000000
0.000000	0.000000	1.000000	0.000000

param_cam4.9375
1732.875727	0.000000	943.231169
0.000000	1729.908923	548.845040
0.000000	0.000000	1.000000
0.000000
0.000000
1.000000	0.000000	0.000000	7.865552
0.000000	1.000000	0.000000	0.000000
0.000000	0.000000	1.000000	0.000000
