param_news00
2929.4940521927465      0.0   307.63334410569644
0.0      2922.7064498725026   555.0109690422262
0.0      0.0  1.0
0.0
0.0
1.0 0.0 0.0   201.61718686381664
0.0 -1.0 0.0  0.0
0.0 0.0 -1.0  0.0

param_news01
2929.4940521927465      0.0   307.63334410569644
0.0      2922.7064498725026   555.0109690422262
0.0      0.0  1.0
0.0
0.0
1.0 0.0 0.0    155.2750267587332
0.0 -1.0 0.0   0.0
0.0 0.0 -1.0   0.0

param_news02
2929.4940521927465      0.0   307.63334410569644
0.0      2922.7064498725026   555.0109690422262
0.0      0.0  1.0
0.0
0.0
1.0 0.0 0.0    108.93286665364974
0.0 -1.0 0.0   0.0
0.0 0.0 -1.0   0.0

param_news03
2929.4940521927465      0.0   307.63334410569644
0.0      2922.7064498725026   555.0109690422262
0.0      0.0  1.0
0.0
0.0
1.0 0.0 0.0    62.590706548566295
0.0 -1.0 0.0   0.0
0.0 0.0 -1.0   0.0

param_news04
2929.4940521927465      0.0   307.63334410569644
0.0      2922.7064498725026   555.0109690422262
0.0      0.0  1.0
0.0
0.0
1.0 0.0 0.0    16.24854644348285
0.0 -1.0 0.0   0.0
0.0 0.0 -1.0   0.0

param_news05
2929.4940521927465      0.0   307.63334410569644
0.0      2922.7064498725026   555.0109690422262
0.0      0.0  1.0
0.0
0.0
1.0 0.0 0.0    -30.093613661600592
0.0 -1.0 0.0   0.0
0.0 0.0 -1.0   0.0

param_news06
2929.4940521927465      0.0   307.63334410569644
0.0      2922.7064498725026   555.0109690422262
0.0      0.0  1.0
0.0
0.0
1.0 0.0 0.0    -76.43577376668404
0.0 -1.0 0.0   0.0
0.0 0.0 -1.0   0.0

param_news07
2929.4940521927465      0.0   307.63334410569644
0.0      2922.7064498725026   555.0109690422262
0.0      0.0  1.0
0.0
0.0
1.0 0.0 0.0   -122.77793387176749
0.0 -1.0 0.0  0.0
0.0 0.0 -1.0  0.0

param_news08
2929.4940521927465      0.0   307.63334410569644
0.0      2922.7064498725026   555.0109690422262
0.0      0.0  1.0
0.0
0.0
1.0  0.0  0.0  -169.12009397685094
0.0 -1.0  0.0  0.0
0.0  0.0 -1.0  0.0

param_news02.125
2929.4940521927465      0.0   307.63334410569644
0.0      2922.7064498725026   555.0109690422262
0.0      0.0  1.0
0.0
0.0
1.0 0.0 0.0    103.140097
0.0 -1.0 0.0   0.0
0.0 0.0 -1.0   0.0

param_news02.25
2929.4940521927465      0.0   307.63334410569644
0.0      2922.7064498725026   555.0109690422262
0.0      0.0  1.0
0.0
0.0
1.0 0.0 0.0    97.347327
0.0 -1.0 0.0   0.0
0.0 0.0 -1.0   0.0

param_news02.375
2929.4940521927465      0.0   307.63334410569644
0.0      2922.7064498725026   555.0109690422262
0.0      0.0  1.0
0.0
0.0
1.0 0.0 0.0    91.554557
0.0 -1.0 0.0   0.0
0.0 0.0 -1.0   0.0

param_news02.5
2929.4940521927465      0.0   307.63334410569644
0.0      2922.7064498725026   555.0109690422262
0.0      0.0  1.0
0.0
0.0
1.0 0.0 0.0    85.761787
0.0 -1.0 0.0   0.0
0.0 0.0 -1.0   0.0

param_news02.625
2929.4940521927465      0.0   307.63334410569644
0.0      2922.7064498725026   555.0109690422262
0.0      0.0  1.0
0.0
0.0
1.0 0.0 0.0    79.969017
0.0 -1.0 0.0   0.0
0.0 0.0 -1.0   0.0

param_news02.75
2929.4940521927465      0.0   307.63334410569644
0.0      2922.7064498725026   555.0109690422262
0.0      0.0  1.0
0.0
0.0
1.0 0.0 0.0    74.176247
0.0 -1.0 0.0   0.0
0.0 0.0 -1.0   0.0

param_news02.875
2929.4940521927465      0.0   307.63334410569644
0.0      2922.7064498725026   555.0109690422262
0.0      0.0  1.0
0.0
0.0
1.0 0.0 0.0    68.383477
0.0 -1.0 0.0   0.0
0.0 0.0 -1.0   0.0

param_news03.125
2929.4940521927465      0.0   307.63334410569644
0.0      2922.7064498725026   555.0109690422262
0.0      0.0  1.0
0.0
0.0
1.0 0.0 0.0    56.797937
0.0 -1.0 0.0   0.0
0.0 0.0 -1.0   0.0

param_news03.25
2929.4940521927465      0.0   307.63334410569644
0.0      2922.7064498725026   555.0109690422262
0.0      0.0  1.0
0.0
0.0
1.0 0.0 0.0    51.005167
0.0 -1.0 0.0   0.0
0.0 0.0 -1.0   0.0

param_news03.375
2929.4940521927465      0.0   307.63334410569644
0.0      2922.7064498725026   555.0109690422262
0.0      0.0  1.0
0.0
0.0
1.0 0.0 0.0    45.212397
0.0 -1.0 0.0   0.0
0.0 0.0 -1.0   0.0

param_news03.5
2929.4940521927465      0.0   307.63334410569644
0.0      2922.7064498725026   555.0109690422262
0.0      0.0  1.0
0.0
0.0
1.0 0.0 0.0    39.419626
0.0 -1.0 0.0   0.0
0.0 0.0 -1.0   0.0

param_news03.625
2929.4940521927465      0.0   307.63334410569644
0.0      2922.7064498725026   555.0109690422262
0.0      0.0  1.0
0.0
0.0
1.0 0.0 0.0    33.626856
0.0 -1.0 0.0   0.0
0.0 0.0 -1.0   0.0

param_news03.75
2929.4940521927465      0.0   307.63334410569644
0.0      2922.7064498725026   555.0109690422262
0.0      0.0  1.0
0.0
0.0
1.0 0.0 0.0    27.834086
0.0 -1.0 0.0   0.0
0.0 0.0 -1.0   0.0

param_news03.875
2929.4940521927465      0.0   307.63334410569644
0.0      2922.7064498725026   555.0109690422262
0.0      0.0  1.0
0.0
0.0
1.0 0.0 0.0    22.041316
0.0 -1.0 0.0   0.0
0.0 0.0 -1.0   0.0

param_news04.125
2929.4940521927465      0.0   307.63334410569644
0.0      2922.7064498725026   555.0109690422262
0.0      0.0  1.0
0.0
0.0
1.0 0.0 0.0    10.455776
0.0 -1.0 0.0   0.0
0.0 0.0 -1.0   0.0

param_news04.25
2929.4940521927465      0.0   307.63334410569644
0.0      2922.7064498725026   555.0109690422262
0.0      0.0  1.0
0.0
0.0
1.0 0.0 0.0    4.663006
0.0 -1.0 0.0   0.0
0.0 0.0 -1.0   0.0

param_news04.375
2929.4940521927465      0.0   307.63334410569644
0.0      2922.7064498725026   555.0109690422262
0.0      0.0  1.0
0.0
0.0
1.0 0.0 0.0    -1.129764
0.0 -1.0 0.0   0.0
0.0 0.0 -1.0   0.0

param_news04.5
2929.4940521927465      0.0   307.63334410569644
0.0      2922.7064498725026   555.0109690422262
0.0      0.0  1.0
0.0
0.0
1.0 0.0 0.0    -6.922534
0.0 -1.0 0.0   0.0
0.0 0.0 -1.0   0.0

param_news04.625
2929.4940521927465      0.0   307.63334410569644
0.0      2922.7064498725026   555.0109690422262
0.0      0.0  1.0
0.0
0.0
1.0 0.0 0.0    -12.715304
0.0 -1.0 0.0   0.0
0.0 0.0 -1.0   0.0

param_news04.75
2929.4940521927465      0.0   307.63334410569644
0.0      2922.7064498725026   555.0109690422262
0.0      0.0  1.0
0.0
0.0
1.0 0.0 0.0    -18.508074
0.0 -1.0 0.0   0.0
0.0 0.0 -1.0   0.0

param_news04.875
2929.4940521927465      0.0   307.63334410569644
0.0      2922.7064498725026   555.0109690422262
0.0      0.0  1.0
0.0
0.0
1.0 0.0 0.0    -24.300844
0.0 -1.0 0.0   0.0
0.0 0.0 -1.0   0.0

param_news05.125
2929.4940521927465      0.0   307.63334410569644
0.0      2922.7064498725026   555.0109690422262
0.0      0.0  1.0
0.0
0.0
1.0 0.0 0.0    -35.886384
0.0 -1.0 0.0   0.0
0.0 0.0 -1.0   0.0

param_news05.25
2929.4940521927465      0.0   307.63334410569644
0.0      2922.7064498725026   555.0109690422262
0.0      0.0  1.0
0.0
0.0
1.0 0.0 0.0    -41.679154
0.0 -1.0 0.0   0.0
0.0 0.0 -1.0   0.0

param_news05.375
2929.4940521927465      0.0   307.63334410569644
0.0      2922.7064498725026   555.0109690422262
0.0      0.0  1.0
0.0
0.0
1.0 0.0 0.0    -47.471924
0.0 -1.0 0.0   0.0
0.0 0.0 -1.0   0.0

param_news05.5
2929.4940521927465      0.0   307.63334410569644
0.0      2922.7064498725026   555.0109690422262
0.0      0.0  1.0
0.0
0.0
1.0 0.0 0.0    -53.264694
0.0 -1.0 0.0   0.0
0.0 0.0 -1.0   0.0

param_news05.625
2929.4940521927465      0.0   307.63334410569644
0.0      2922.7064498725026   555.0109690422262
0.0      0.0  1.0
0.0
0.0
1.0 0.0 0.0    -59.057464
0.0 -1.0 0.0   0.0
0.0 0.0 -1.0   0.0

param_news05.75
2929.4940521927465      0.0   307.63334410569644
0.0      2922.7064498725026   555.0109690422262
0.0      0.0  1.0
0.0
0.0
1.0 0.0 0.0    -64.850234
0.0 -1.0 0.0   0.0
0.0 0.0 -1.0   0.0

param_news05.875
2929.4940521927465      0.0   307.63334410569644
0.0      2922.7064498725026   555.0109690422262
0.0      0.0  1.0
0.0
0.0
1.0 0.0 0.0    -70.643004
0.0 -1.0 0.0   0.0
0.0 0.0 -1.0   0.0
