param_kendo00
2241.25607 0.0 701.5
0.0 2241.25607 514.5
0.0 0.0 1.0 
0.0 
0.0 
1.0 0.0 0.0 0.0
0.0 1.0 0.0 0.0 
0.0 0.0 1.0 0.0 

param_kendo01
2241.25607 0.0 701.5
0.0 2241.25607 514.5
0.0 0.0 1.0 
0.0 
0.0 
1.0 0.0 0.0 5.0
0.0 1.0 0.0 0.0 
0.0 0.0 1.0 0.0

param_kendo02
2241.25607 0.0 701.5
0.0 2241.25607 514.5
0.0 0.0 1.0 
0.0 
0.0 
1.0 0.0 0.0 10.0
0.0 1.0 0.0 0.0 
0.0 0.0 1.0 0.0 

param_kendo03
2241.25607 0.0 701.5
0.0 2241.25607 514.5
0.0 0.0 1.0 
0.0 
0.0 
1.0 0.0 0.0 15.0
0.0 1.0 0.0 0.0 
0.0 0.0 1.0 0.0

param_kendo04
2241.25607 0.0 701.5
0.0 2241.25607 514.5
0.0 0.0 1.0 
0.0 
0.0 
1.0 0.0 0.0 20.0
0.0 1.0 0.0 0.0 
0.0 0.0 1.0 0.0 

param_kendo05
2241.25607 0.0 701.5
0.0 2241.25607 514.5
0.0 0.0 1.0 
0.0 
0.0 
1.0 0.0 0.0 25.0
0.0 1.0 0.0 0.0 
0.0 0.0 1.0 0.0

param_kendo06
2241.25607 0.0 701.5
0.0 2241.25607 514.5
0.0 0.0 1.0 
0.0 
0.0 
1.0 0.0 0.0 30.0
0.0 1.0 0.0 0.0 
0.0 0.0 1.0 0.0 

param_kendo01.125
2241.25607 0.0 701.5
0.0 2241.25607 514.5
0.0 0.0 1.0
0.0
0.0
1.0 0.0 0.0	5.625000
0.0 1.0 0.0 0.0
0.0 0.0 1.0 0.0

param_kendo01.25
2241.25607 0.0 701.5
0.0 2241.25607 514.5
0.0 0.0 1.0
0.0
0.0
1.0 0.0 0.0	6.250000
0.0 1.0 0.0 0.0
0.0 0.0 1.0 0.0

param_kendo01.375
2241.25607 0.0 701.5
0.0 2241.25607 514.5
0.0 0.0 1.0
0.0
0.0
1.0 0.0 0.0	6.875000
0.0 1.0 0.0 0.0
0.0 0.0 1.0 0.0

param_kendo01.5
2241.25607 0.0 701.5
0.0 2241.25607 514.5
0.0 0.0 1.0
0.0
0.0
1.0 0.0 0.0	7.500000
0.0 1.0 0.0 0.0
0.0 0.0 1.0 0.0

param_kendo01.625
2241.25607 0.0 701.5
0.0 2241.25607 514.5
0.0 0.0 1.0
0.0
0.0
1.0 0.0 0.0	8.125000
0.0 1.0 0.0 0.0
0.0 0.0 1.0 0.0

param_kendo01.75
2241.25607 0.0 701.5
0.0 2241.25607 514.5
0.0 0.0 1.0
0.0
0.0
1.0 0.0 0.0	8.750000
0.0 1.0 0.0 0.0
0.0 0.0 1.0 0.0

param_kendo01.875
2241.25607 0.0 701.5
0.0 2241.25607 514.5
0.0 0.0 1.0
0.0
0.0
1.0 0.0 0.0	9.375000
0.0 1.0 0.0 0.0
0.0 0.0 1.0 0.0

param_kendo02.125
2241.25607 0.0 701.5
0.0 2241.25607 514.5
0.0 0.0 1.0
0.0
0.0
1.0 0.0 0.0	10.625000
0.0 1.0 0.0 0.0
0.0 0.0 1.0 0.0

param_kendo02.25
2241.25607 0.0 701.5
0.0 2241.25607 514.5
0.0 0.0 1.0
0.0
0.0
1.0 0.0 0.0	11.250000
0.0 1.0 0.0 0.0
0.0 0.0 1.0 0.0

param_kendo02.375
2241.25607 0.0 701.5
0.0 2241.25607 514.5
0.0 0.0 1.0
0.0
0.0
1.0 0.0 0.0	11.875000
0.0 1.0 0.0 0.0
0.0 0.0 1.0 0.0

param_kendo02.5
2241.25607 0.0 701.5
0.0 2241.25607 514.5
0.0 0.0 1.0
0.0
0.0
1.0 0.0 0.0	12.500000
0.0 1.0 0.0 0.0
0.0 0.0 1.0 0.0

param_kendo02.625
2241.25607 0.0 701.5
0.0 2241.25607 514.5
0.0 0.0 1.0
0.0
0.0
1.0 0.0 0.0	13.125000
0.0 1.0 0.0 0.0
0.0 0.0 1.0 0.0

param_kendo02.75
2241.25607 0.0 701.5
0.0 2241.25607 514.5
0.0 0.0 1.0
0.0
0.0
1.0 0.0 0.0	13.750000
0.0 1.0 0.0 0.0
0.0 0.0 1.0 0.0

param_kendo02.875
2241.25607 0.0 701.5
0.0 2241.25607 514.5
0.0 0.0 1.0
0.0
0.0
1.0 0.0 0.0	14.375000
0.0 1.0 0.0 0.0
0.0 0.0 1.0 0.0

param_kendo03.125
2241.25607 0.0 701.5
0.0 2241.25607 514.5
0.0 0.0 1.0
0.0
0.0
1.0 0.0 0.0	15.625000
0.0 1.0 0.0 0.0
0.0 0.0 1.0 0.0

param_kendo03.25
2241.25607 0.0 701.5
0.0 2241.25607 514.5
0.0 0.0 1.0
0.0
0.0
1.0 0.0 0.0	16.250000
0.0 1.0 0.0 0.0
0.0 0.0 1.0 0.0

param_kendo03.375
2241.25607 0.0 701.5
0.0 2241.25607 514.5
0.0 0.0 1.0
0.0
0.0
1.0 0.0 0.0	16.875000
0.0 1.0 0.0 0.0
0.0 0.0 1.0 0.0

param_kendo03.5
2241.25607 0.0 701.5
0.0 2241.25607 514.5
0.0 0.0 1.0
0.0
0.0
1.0 0.0 0.0	17.500000
0.0 1.0 0.0 0.0
0.0 0.0 1.0 0.0

param_kendo03.625
2241.25607 0.0 701.5
0.0 2241.25607 514.5
0.0 0.0 1.0
0.0
0.0
1.0 0.0 0.0	18.125000
0.0 1.0 0.0 0.0
0.0 0.0 1.0 0.0

param_kendo03.75
2241.25607 0.0 701.5
0.0 2241.25607 514.5
0.0 0.0 1.0
0.0
0.0
1.0 0.0 0.0	18.750000
0.0 1.0 0.0 0.0
0.0 0.0 1.0 0.0

param_kendo03.875
2241.25607 0.0 701.5
0.0 2241.25607 514.5
0.0 0.0 1.0
0.0
0.0
1.0 0.0 0.0	19.375000
0.0 1.0 0.0 0.0
0.0 0.0 1.0 0.0

param_kendo04.125
2241.25607 0.0 701.5
0.0 2241.25607 514.5
0.0 0.0 1.0
0.0
0.0
1.0 0.0 0.0	20.625000
0.0 1.0 0.0 0.0
0.0 0.0 1.0 0.0

param_kendo04.25
2241.25607 0.0 701.5
0.0 2241.25607 514.5
0.0 0.0 1.0
0.0
0.0
1.0 0.0 0.0	21.250000
0.0 1.0 0.0 0.0
0.0 0.0 1.0 0.0

param_kendo04.375
2241.25607 0.0 701.5
0.0 2241.25607 514.5
0.0 0.0 1.0
0.0
0.0
1.0 0.0 0.0	21.875000
0.0 1.0 0.0 0.0
0.0 0.0 1.0 0.0

param_kendo04.5
2241.25607 0.0 701.5
0.0 2241.25607 514.5
0.0 0.0 1.0
0.0
0.0
1.0 0.0 0.0	22.500000
0.0 1.0 0.0 0.0
0.0 0.0 1.0 0.0

param_kendo04.625
2241.25607 0.0 701.5
0.0 2241.25607 514.5
0.0 0.0 1.0
0.0
0.0
1.0 0.0 0.0	23.125000
0.0 1.0 0.0 0.0
0.0 0.0 1.0 0.0

param_kendo04.75
2241.25607 0.0 701.5
0.0 2241.25607 514.5
0.0 0.0 1.0
0.0
0.0
1.0 0.0 0.0	23.750000
0.0 1.0 0.0 0.0
0.0 0.0 1.0 0.0

param_kendo04.875
2241.25607 0.0 701.5
0.0 2241.25607 514.5
0.0 0.0 1.0
0.0
0.0
1.0 0.0 0.0	24.375000
0.0 1.0 0.0 0.0
0.0 0.0 1.0 0.0
