# =========================================================================================
# ================ Specification of the Undo Dancer Camera Parameters =====================
# =========================================================================================
param_dancer_1
2302.852541609168 0.0 960.0
0.0 2302.852541609168 540.0 
0.0 0.0 1.0 
0.0 
0.0 
1.0 0.0 0.0 -80.0            
0.0 1.0 0.0 0.0 
0.0 0.0 1.0 0.0 

param_dancer_2
2302.852541609168 0.0 960.0
0.0 2302.852541609168 540.0 
0.0 0.0 1.0 
0.0 
0.0 
1.0 0.0 0.0 -60.0            
0.0 1.0 0.0 0.0 
0.0 0.0 1.0 0.0 

param_dancer_3
2302.852541609168 0.0 960.0
0.0 2302.852541609168 540.0 
0.0 0.0 1.0 
0.0 
0.0 
1.0 0.0 0.0 -40.0            
0.0 1.0 0.0 0.0 
0.0 0.0 1.0 0.0
 
param_dancer_4
2302.852541609168 0.0 960.0
0.0 2302.852541609168 540.0 
0.0 0.0 1.0 
0.0 
0.0 
1.0 0.0 0.0 -20.0            
0.0 1.0 0.0 0.0 
0.0 0.0 1.0 0.0 

param_dancer_4.5     
2302.852541609168 0.0 960.0
0.0 2302.852541609168 540.0 
0.0 0.0 1.0 
0.0 
0.0 
1.0 0.0 0.0 -10.0            
0.0 1.0 0.0 0.0 
0.0 0.0 1.0 0.0 

param_dancer_5    
2302.852541609168 0.0 960.0
0.0 2302.852541609168 540.0 
0.0 0.0 1.0 
0.0 
0.0 
1.0 0.0 0.0 0.0              
0.0 1.0 0.0 0.0 
0.0 0.0 1.0 0.0
 
param_dancer_5.5
2302.852541609168 0.0 960.0
0.0 2302.852541609168 540.0 
0.0 0.0 1.0 
0.0 
0.0 
1.0 0.0 0.0 10.0              
0.0 1.0 0.0 0.0 
0.0 0.0 1.0 0.0

param_dancer_6
2302.852541609168 0.0 960.0
0.0 2302.852541609168 540.0 
0.0 0.0 1.0 
0.0 
0.0 
1.0 0.0 0.0 20.0            
0.0 1.0 0.0 0.0 
0.0 0.0 1.0 0.0 

param_dancer_7
2302.852541609168 0.0 960.0
0.0 2302.852541609168 540.0
0.0 0.0 1.0 
0.0 
0.0 
1.0 0.0 0.0 40.0            
0.0 1.0 0.0 0.0 
0.0 0.0 1.0 0.0
 
param_dancer_8
2302.852541609168 0.0 960.0
0.0 2302.852541609168 540.0 
0.0 0.0 1.0 
0.0 
0.0 
1.0 0.0 0.0 60.0            
0.0 1.0 0.0 0.0 
0.0 0.0 1.0 0.0 

param_dancer_9
2302.852541609168 0.0 960.0
0.0 2302.852541609168 540.0 
0.0 0.0 1.0 
0.0 
0.0 
1.0 0.0 0.0 80.0            
0.0 1.0 0.0 0.0 
0.0 0.0 1.0 0.0 

